975
924
712
905
480
479
833
511
782
702
698
635
672
595
518
944
953
506
764
816
1302
857
324
718
776
1219
958
937
990
927
1081
1270
1114
892
676
881
687
471
666
464
1165
1102
867
1035
1083
669
958
967
953
920
266
680
1151
573
631
1160
1032
645
855
855
757
860
850
641
545
1030
1407
1517
1053
1221
860
802
774
792
853
736
638
927
1072
694
797
1021
657
732
643
725
774
748
1202
1379
888
659
634
1270
1081
1025
785
715
694
988
790
981
953
1076
732
993
923
704
1028
433
631
564
1407
1198
569
864
1004
953
1079
1069
776
636
1104
659
1053
1207
825
538
729
811
818
983
799
946
1170
836
748
531
447
1046
1035
1691
1449
1452
1379
1354
1123
941
843
1128
993
1130
1007
860
1065
503
356
645
757
890
904
1233
1062
718
1044
778
988
1344
1009
725
1004
1074
834
860
683
827
713
1025
965
767
939
972
1083
818
1093
899
904
1146
1102
832
1079
1256
1191
820
641
923
946
741
832
846
1093
1158
1035
1074
692
1007
1004
841
673
543
1076
1139
834
955
711
410
389
743
818
1011
559
671
1104
1142
927
1135
974
869
1107
1014
883
981
589
918
569
1144
909
885
1051
857
1233
1328
1000
792
857
792
545
608
1088
1309
748
601
398
920
1018
976
683
995
1062
822
955
867
806
1193
1014
953
983
1014
1011
624
1021
673
620
1125
925
948
769
1093
899
739
976
1198
739
617
338
282
827
934
1025
1044
1055
673
841
1062
1170
683
867
652
906
778
699
953
734
480
583
1342
937
755
913
806
592
1137
1093
443
624
1009
988
610
720
1062
818
967
1011
892
715
271
592
529
1000
1146
955
1037
1349
955
1212
732
548
666
867
760
997
869
951
1463
1272
1316
1093
825
690
753
1177
946
578
902
622
718
706
843
1123
676
939
1156
993
1102
368
678
869
1051
946
1072
1014
1053
1146
1247
1330
990
1028
1093
648
655
850
748
508
485
937
1403
1093
974
781
596
555
461
666
748
1076
1186
822
1202
1174
995
1035
811
1559
1265
678
1102
874
727
1179
967
795
1137
615
657
867
1233
965
809
832
981
855
806
466
869
638
506
492
377
897
1254
1093
440
841
762
583
990
960
382
329
725
464
911
1076
429
657
902
1256
1049
897
722
972
869
720
699
734
899
734
1076
753
638
445
1118
1039
995
711
627
