-1.076195082
-0.549341922
0.027691017
-0.218192802
-1.299929111
0.267219296
1.026215576
0.702743401
-0.429239186
-2.475975938
0.969547038
1.844644675
-0.948111959
-0.532456571
-0.034406113
-0.075258283
-1.240496072
-0.412730311
1.014570001
1.459303313
2.826471764
1.307856638
-0.303360344
1.234826648
2.544239884
1.815582351
-1.034711239
-2.058219715
1.005390114
2.32870627
0.903968127
-0.863134148
-1.863643744
-0.045339567
-0.308338211
0.12472053
0.461339205
-1.711119841
-0.930801792
0.451949348
1.720817994
1.029533451
0.835399278
-0.453795397
-0.071284249
-0.695140606
-0.868726623
1.503079428
0.187848688
-1.805090354
-1.71949276
-1.633930108
-0.226262282
-0.626082325
-0.128786274
1.543471419
1.32441301
-0.454503903
-0.4951408
0.288153936
1.035581662
1.195395479
-1.010668099
-0.663764201
1.088722017
0.946266113
-1.594187498
-1.637807605
-1.409875224
0.28905541
2.119260699
1.587445081
0.920937412
-0.31054836
0.919241273
3.300230222
0.801389002
-1.674897671
-0.463294328
1.037397151
1.060527476
1.188829805
-0.463616507
-2.635284382
-1.576426565
-0.777741407
-0.649115856
0.005554461
-0.320249175
0.191863946
0.332461385
-0.768676451
-0.316057365
-0.260426168
-0.368603441
-1.231384433
-0.83743727
0.33773076
1.0094788
-0.043466517
-0.599150289
-1.30092719
-0.897208306
0.583985875
-1.285457832
-3.16121912
0.008069535
0.586723103
0.074041748
0.289464105
-0.961527402
0.95773486
3.938818565
3.351244282
-0.775090261
-1.499251794
-1.350076559
-0.906963695
-1.262262446
-1.542349356
-1.933405924
-0.928734706
0.966007882
2.124753124
2.109005956
1.902447476
1.12900639
1.14431554
0.026784409
0.285488302
0.307438763
-0.891437976
-0.823227059
0.30924642
0.195106281
-0.510453927
-1.175085621
-1.622942186
0.929648431
1.013865403
-2.437553563
0.733603824
1.359717511
0.470989345
2.893515681
1.697290558
0.417949921
0.235687819
-1.381828548
0.662625118
1.562543445
-0.009164354
0.435479105
1.468543442
-1.222348678
-1.083679327
-0.121751774
-0.59611321
-0.335192788
2.638904944
-0.263515299
-2.993201276
-1.025662281
-1.838590324
-1.599364292
-0.930281047
-0.456325787
-0.967727307
-1.898971179
-1.459826235
-0.228739223
-3.179386776
-0.791659338
1.479849884
0.002118669
-0.794790368
-1.712281694
0.498199568
0.203179935
1.522359369
2.16468122
0.852367723
0.955125457
0.851686962
-0.395137559
0.791709484
1.466712978
1.329116571
-0.889305572
-2.761449648
-1.489102357
-0.023320507
1.021389174
-0.306320305
-1.061703123
-0.361961944
1.860167708
2.140250814
0.383414464
-1.022774629
-2.387445517
-0.392994186
1.141399571
0.620197871
1.868358369
0.85684173
-0.390114882
-0.223006504
0.167598928
1.346796254
-0.780899526
-2.290641228
-0.168800053
-0.729955792
-1.781247794
-0.105751114
-0.192154426
-0.549426538
0.884370081
0.855550761
0.11597232
-2.264436086
-0.917590772
2.414562363
-0.701845159
-2.684844117
-1.560429269
-0.074617896
0.925397087
0.44645604
0.146075685
0.375587823
1.414744241
1.887778645
1.073827258
-0.335512398
-0.219007241
-1.768457753
0.981272684
1.045001205
-2.492090944
-1.495348674
0.228756417
1.500904823
-0.742302903
-2.503640061
0.455184194
0.156684329
2.092025475
1.271625531
-1.11353784
-0.494399313
-0.907695148
-1.717933069
-1.204363357
1.493388924
2.838345647
1.628545264
0.765863239
0.605440984
-0.52769797
0.544925602
1.746662249
-0.291673431
-1.461710673
-0.353150562
1.415859166
2.383220922
1.424840533
0.958622969
-0.061412245
-1.316536821
-1.042982322
-1.624617227
-1.453064985
0.901441432
1.50572127
-0.005985182
-0.15488259
-0.215945516
-1.361313781
0.543758005
1.170645435
-0.037373736
0.409061661
0.425965383
-0.960976262
-2.463730367
-0.934793206
0.775396057
-1.061802656
0.059202931
1.464049209
0.700560901
-0.665436459
-1.01885074
1.707461
0.630839453
-1.856616532
-1.874945767
-1.436761246
-0.760798039
-0.116239344
1.225871448
0.880429791
0.472627393
0.976762357
-0.229980258
0.372273609
2.273734823
1.478476309
-0.8872995
-0.534165693
1.048591761
2.756323252
2.998509628
1.701349677
1.12158525
2.130985971
-0.967101759
-2.136504389
-0.626216257
0.996209847
-0.54980802
-0.390622832
-0.261465762
0.961077294
0.14359858
-1.01643014
-0.854677098
-1.304031632
-0.073730553
1.609088149
0.369591194
1.573784801
2.750675729
0.984677273
0.010358035
-0.777822141
1.772222929
0.436286894
-1.022862225
2.875514361
1.988031151
0.609245259
-0.24905005
-3.549202221
-1.645927662
0.267054164
-0.471053601
-0.996821357
-0.839180152
-0.02256179
0.255574035
0.641606242
2.121067881
0.997567676
-1.771361165
-1.977589027
-2.000909366
-1.918587268
-0.469031891
1.48524693
-1.053499957
-1.02477977
3.122337635
0.883518608
-2.7102964
-1.162769504
0.449735648
0.238860973
-0.823422455
-0.935169057
-2.399682774
-2.294100257
-0.802346312
-1.718680352
-3.4142048
-2.572047696
-1.825670951
-1.259052312
-0.807895475
-1.025382884
-1.402846789
-0.982450328
-0.485384235
-0.203862856
-0.618881744
0.384507647
-0.742545002
-1.224206323
-0.826713895
0.941500547
1.210699913
-0.857498493
-1.36953657
-1.930540179
-0.433037973
3.372723414
3.237237491
2.348578106
2.476523785
-0.276137626
-1.67059906
0.352134682
1.463289501
0.466739049
0.53112335
-0.348419424
-1.011783712
-0.939355217
-1.22638888
1.232259684
1.478643951
1.041679062
0.886200546
0.095211368
0.452873758
1.122641794
0.737603739
0.143946511
0.968916258
0.941634699
-0.222577513
-0.370434408
0.174947015
-0.538341499
-0.907149861
-1.407409185
-0.672583053
0.050464898
-0.583104216
0.522037693
1.335021871
0.33525175
0.427040176
-0.070564756
0.728196496
1.126499707
0.217171733
-0.44517688
-0.458751826
1.278290158
0.442530293
-1.150734532
1.567654306
2.584417272
0.033481536
-0.373270672
0.347677292
-1.741597823
-1.297784257
0.667059776
2.035418107
1.311318738
0.984034957
-0.318303176
-0.444236915
-0.824043748
-1.54165472
-1.911348193
-0.965841657
-0.805791427
-0.88625281
-0.498473124
-0.690376328
-0.237095363
1.111056038
0.987163903
0.13576665
2.422388744
1.201863263
-1.87058476
0.158034475
0.814681075
1.045221014
0.378234062
0.489562759
0.802132547
1.729296607
0.46579592
0.616163986
0.328467897
0.325038624
1.031245278
1.460693039
0.526759706
-0.247501694
0.605847564
0.319717467
-0.482687289
-0.616195848
0.665466807
1.914184139
0.46929893
-0.647117965
0.723159817
1.039002451
1.708923847
1.704983428
0.371434959
-0.450813396
-0.675036047
1.975052321
0.717736962
-0.122769997
-0.234178862
-0.728079418
-1.474099052
-0.271876149
1.32095609
0.394942312
-0.095704018
0.247136832
0.800632434
0.276193874
-1.819348914
-2.501185648
-0.71355918
-0.209614713
0.185151624
-0.064289277
-0.827416923
-0.340708139
0.643417609
0.400277531
1.01062272
1.073757394
-0.460444222
-0.676071605
-0.367069131
-2.67551383
-1.897319126
-0.304697778
-2.897037695
-0.787921775
2.74520532
-0.025395555
-1.717061912
0.245410094
1.297411163
-0.207814239
0.528275552
0.475768514
-0.119812592
1.21266516
0.59208795
-0.527766814
2.402888341
0.321038458
0.503233277
1.483233654
1.430007337
1.461921699
0.412109326
0.579566518
-1.37501595
-1.918538483
-1.664511944
-1.49030381
0.00085883
-0.796652664
-1.121791823
-0.603159041
-2.141850566
-1.513046425
-0.367815274
-0.765354464
-1.165490246
-2.050493771
-0.78048137
-0.694141509
-0.188001945
-0.304004497
0.615687024
-0.502184014
0.921284031
3.384358126
1.04134572
-2.218483516
-3.028679674
-2.064447043
-0.287051825
1.287627773
1.86072035
0.662304104
0.243037397
-1.826923789
-0.305992751
0.526802037
0.304636388
0.457947842
1.115985102
-0.025899502
-0.229422399
0.369168712
-0.6710149
-0.742395407
-1.331932235
1.648696075
4.147622108
1.07027607
-0.492246265
-0.217901843
-1.574527666
-0.973839851
1.51971072
1.33668223
0.836511882
0.383344808
-0.530170855
-1.105287358
-0.887509325
-1.505970879
-2.065264612
-1.228425748
0.641919406
2.015472613
0.202516023
-1.062514456
-1.315259933
-0.873059968
0.05973631
0.039922959
-1.109600794
-0.433370531
1.20175384
-2.569412583
-3.514490282
-2.452584381
-1.464567517
-1.912696194
-1.453186553
0.559235531
0.196187725
-0.28173104
-0.38064185
0.255769826
1.448916061
1.001380522
1.339472346
1.203122946
-1.312939991
-0.982529739
0.382363803
-0.28648414
0.428538311
-0.513994657
-0.956247529
-0.502944935
-0.849957307
-1.212849153
-0.499631351
-0.420691623
0.159495536
0.293486479
-1.553360212
-0.743617549
-0.61871334
-1.260716172
-0.078631917
0.521462614
0.59885575
0.628937558
1.026695216
2.070756588
2.004776873
0.654705621
-0.151676361
1.767214695
2.182471921
-0.133194762
-1.495303663
2.002223603
0.861000747
0.531503863
1.97942086
-0.102917214
-0.137976647
0.95808963
1.523278216
0.133876491
-1.026353404
-0.528452665
-1.804018716
0.080639896
1.835775736
0.764525292
1.463566668
2.471028307
0.661144828
0.251989216
-0.872863306
0.328500365
0.626683193
-1.82064696
-3.65683682
-3.752960386
-0.775990586
0.429962403
1.587114701
1.606989304
1.581369261
1.347380834
-0.302993174
0.439405608
0.132061728
0.208241681
-0.162395041
-1.159582767
0.196885943
0.22552231
-0.488923901
-1.100363021
0.456299244
1.870139795
1.117109467
0.263878479
0.686115644
0.101231548
-1.871767395
-0.536095164
-1.656390948
-2.07532068
-1.895882556
-0.690694987
0.441772073
-0.029968894
-1.66076146
0.297617397
2.057689501
2.203541506
0.331903783
-1.277821491
-1.243202863
-0.128139575
-0.679554894
-0.256483757
-0.378328341
-0.63464019
-0.591877211
-1.438715998
-0.943318888
-2.061186226
-3.634972821
-1.467629274
0.932068169
1.49288645
-0.501681947
-0.258446911
0.060485427
-1.92789187
-1.525587236
-0.760254113
-0.836758657
-0.354806048
0.708440985
0.503666127
1.740272371
1.701635656
0.017744354
-1.114880506
-0.179889939
1.17853888
0.75822248
0.055350805
3.14497235
3.73083217
0.41750121
-0.453710623
-1.651666659
-1.723888071
-0.909427395
0.543923506
-1.272938777
-2.215055395
-0.960442064
0.159226803
2.443512222
1.519856187
0.638451613
-1.213358496
-1.206402232
-1.987512313
-1.802434998
-0.035774723
-1.059732656
-1.238110861
0.608580223
0.711096557
-0.242813116
-1.006503533
-3.768364455
-2.480258748
2.144538888
2.452629642
-0.018013096
0.010237472
-1.242873053
-0.990725235
0.001653438
0.053325401
1.84292542
0.937468853
-1.585625694
-1.616536632
-1.317382271
-1.005056529
-2.334656043
-0.984803859
-0.352843671
-0.049824841
0.108613205
-0.484046709
-0.457457293
-0.700058477
1.078738099
0.788494077
-0.861048439
-1.039041824
-0.651759331
1.012656123
0.403486426
-0.766883819
-0.393679884
1.496763694
0.605873651
0.046479793
-0.444256837
0.051318932
-0.16113682
-1.146825646
-0.948536625
-0.871826579
-0.5296846
0.288010936
1.084485064
0.230162559
-0.855060151
-0.364260784
0.716844385
1.030218037
-1.241606393
-0.403990944
0.336136344
0.08478299
1.692834384
0.423886345
-0.743310089
0.137878856
-1.001145342
0.042225045
0.098780194
-0.003446618
0.135360682
-1.545609086
-2.999440759
-0.631539147
0.654253864
-0.442584281
0.506262587
-0.9087895
-1.960203761
-1.230210656
-1.552444841
-1.076120382
-0.52799049
0.145327118
1.711206867
0.857630213
0.468128494
1.391958796
2.380581115
-0.238613337
-1.678669826
-0.822557183
-0.420796923
-0.262504939
0.523479464
0.513209197
-2.126835404
-2.119850524
-1.381683844
-1.706974022
0.220547032
-0.040178224
-0.489015321
-1.068588679
0.91358319
0.768821039
0.26235035
-0.193122463
-0.509375166
-0.023387464
-0.37877512
2.116769612
0.945342397
-1.882556848
-2.564583171
-0.929258069
1.391216604
2.479370799
-0.061341559
-0.126986946
0.02550983
-1.903949481
-0.789665474
-0.237216173
-0.86593989
-0.187892141
-1.148499448
-1.922298045
0.533750153
1.387485149
0.223510307
0.196236087
0.103818668
-0.016935795
1.948930471
3.204602324
0.449062176
-0.3140978
-0.028473566
0.501262026
0.862966781
0.780904089
0.497366099
0.181553431
-0.858830042
-1.138713662
-0.934334024
-0.017243589
-0.022009109
0.916095879
-0.976086118
-0.688687141
1.657939753
0.856604669
2.751330402
3.028056197
3.203542846
2.657720477
-0.554524977
-2.815266258
-1.185806302
-0.855531937
-0.965462869
-1.444086545
-2.264198583
-0.448919392
2.187437567
1.074601821
-0.283908079
0.237218123
-1.946407157
-1.351326623
0.699341574
0.306148518
0.096465977
-1.044926403
-2.183603821
-0.599180342
-0.401580314
-1.435319231
-1.567959634
-0.682205172
-0.171010277
0.019857762
-1.14072798
0.560116305
1.444967145
0.282493626
0.037051806
-0.549628885
0.640199022
0.991021339
0.633748488
0.653031862
0.318299101
0.376254308
-0.320829526
-0.939847157
0.344920179
0.244093463
1.120706185
0.674489288
0.459907396
0.080875691
-0.476192847
0.026555766
0.700365394
-0.61741305
-2.053723297
0.409987457
3.483406788
1.071326409
0.095501499
2.114630546
2.423446616
1.634876523
0.904160047
-0.0015557
-1.325421873
0.636345947
-0.050772796
-0.955802284
0.127493196
0.55823764
1.292064085
3.230017719
2.879410675
-0.11735878
0.72797881
2.369078932
-0.983432048
-0.560878957
0.633860144
-0.702161539
-2.152512041
-3.59466254
-1.030012012
0.165173075
-0.053960945
1.705762681
0.259657037
-0.359181511
-0.226493018
-1.230411158
-2.049278646
-0.429459803
0.925002517
0.563282293
1.484301348
0.816623853
-0.901665414
-1.703874566
-0.853786094
0.554988258
1.369566707
-0.538789992
-0.969215086
0.577327832
1.242708264
0.929778991
0.960962272
-1.51515138
-1.011411342
0.311437193
1.527732065
1.254621548
-0.636292303
-1.71795035
1.045052978
2.006200029
1.652756662
1.599827577
1.552246271
-0.062331074
-0.498430853
-0.938112907
-1.605392593
-1.352114601
-0.489443292
-1.154818011
-0.376418657
-0.05292352
-2.371799409
-1.866409571
-1.994272447
-2.069686949
1.548021217
0.464980124
-1.832618992
-0.569094246
-1.208822557
-0.897681195
1.439577813
2.822400122
0.041989011
-1.728579292
1.069128093
1.767945068
0.506291147
1.688513259
2.506614458
0.722213052
-0.848131828
-0.863570523
-0.295500622
1.914040104
1.710362329
0.78237734
2.280004106
1.932720113
-0.89229285
-0.553473201
0.281991554
0.255743601
0.787590751
0.470267017
0.127826671
0.069814569
-0.181825059
-0.135558545
0.756745184
1.352158248
-1.104164147
-0.933941098
-0.296763998
-0.109589934
0.757089581
0.687428263
0.627297122
0.61074399
0.434605606
0.754225288
-1.772432203
-1.768234851
1.053691536
1.868310412
1.963214861
0.299513226
0.101418298
1.033296183
0.087466285
-0.478141775
-0.314166006
-2.007495579
-0.735379995
-0.827706824
-1.995049395
-2.342693533
-0.210682934
0.146702658
-0.488932853
-1.069415777
-0.609312919
0.277450673
0.656764653
2.275747327
1.002684093
-0.502562415
-1.665386155
-1.245411268
-1.019543645
-1.560785303
-0.636678119
-0.570817363
0.20962441
-0.201634623
0.168057499
1.002212707
0.343610064
-0.902624267
-0.404099332
1.504198813
1.785883733
0.895445016
-0.66069021
0.404767803
-0.679524467
-1.764897135
-0.109900779
-1.019195326
-0.030568179
0.472645405
-0.650435026
0.199403136
0.813454403
1.922614673
0.761710943
0.642662942
1.207926858
1.116573988
0.210573437
0.187332344
1.446116622
1.895411308
2.160581292
0.816533369
-1.765196657
-0.667940312
0.832873254
0.026342544
-1.7588516
-3.131450808
-0.803086996
-0.226561867
-1.730983096
-0.463586975
0.846550202
0.853854531
-1.31782298
-2.621024155
-1.525563343
-0.940451615
-3.543380163
-2.396331875
1.414067202
0.235361259
-0.916171354
1.752970476
1.805465628
1.568861847
1.467252683
1.566946663
0.22577011
0.455828765
-0.205456691
-1.087776171
-1.682151888
0.519136699
0.463815544
-0.555871186
0.461080782
-0.591933478
-0.52764106
-0.287736614
-0.443431117
0.360521871
0.858317421
-1.025396215
-0.089073154
-0.10919693
0.464060646
1.7898155
0.444467669
2.158497716
1.882877131
2.057584198
2.224516458
0.692895716
0.580879719
-0.980190283
-0.743222023
0.605521287
-0.824878815
0.01856618
1.417099288
0.576082237
1.555844395
1.411377746
-0.387061158
-1.968154669
-2.468221054
-3.033306094
-1.784505678
1.255601452
4.137078813
0.100316277
-2.071616101
0.275613275
1.00907207
-0.423679466
-2.610087849
-0.187065161
-0.016423805
-1.662848028
-0.866255349
0.352234355
-1.383180697
-1.037659384
-1.008577477
0.563165568
0.855785061
-0.166008699
-1.063509997
-2.330655453
-2.715359187
-1.210424621
0.421355627
-1.360172536
-1.204693301
-0.533098573
-0.490330337
-1.245770926
0.425166776
-1.253596989
-1.232949322
0.073130225
0.432141624
-0.885461323
-0.799931158
0.033919875
-1.249598861
-0.103332251
-0.257698251
-0.845950577
-0.590296571
-1.780661979
-0.137103931
1.423259574
1.240651995
1.105182578
-1.318757963
-1.849377913
-0.549208383
-0.320747383
-0.318765987
-1.209930427
-0.927699308
-1.134984916
0.392937049
-0.620259988
-1.736618989
0.573170348
-0.871257814
-0.664551873
0.025571093
0.305770042
1.152696579
0.056472035
0.454961737
2.072520714
1.239814497
-0.659230278
0.725806904
1.980791443
-1.005969155
-1.858502269
0.529898161
0.072022795
-2.136220394
-0.683789189
1.40543051
0.688657332
-0.355858704
1.374902188
2.743107077
0.412091093
-0.351771879
-1.98626065
-1.214223082
0.054799579
-1.47491968
-0.027088203
1.251434675
1.006547259
-0.547247915
-0.734320127
0.217373401
0.181866727
2.348258703
3.012134509
0.628520328
0.110838863
0.465504493
0.831154588
1.482939001
-0.543564011
-2.271764579
1.015176294
3.064705925
0.976008562
0.12756694
-0.546311879
-0.229248136
-0.388686717
0.561983296
1.03617231
0.096648717
0.411744725
0.322223798
0.33535544
0.340446118
0.29334049
-0.500755215
-0.793517557
1.418125058
1.627140637
0.003753348
1.842947448
2.963282529
-1.155815728
0.028363428
2.255450885
0.333555199
-1.711801905
-1.669277873
1.021226377
1.057900715
-2.179388693
-2.068251612
0.113334747
0.032835895
1.689504479
0.486961825
-0.171224075
-0.44402574
1.911414727
2.707121551
0.044918623
0.008407486
1.80754376
1.779627506
-0.010250579
0.906864402
1.173748476
0.413619537
-0.106356862
2.12554646
1.761215217
-1.088998189
-1.163339936
0.757440985
-0.829333444
-2.322993246
-0.741668726
0.71581549
0.791767773
-0.45851827
-0.511177571
-1.471026727
-1.124037126
-1.526305284
-0.113385632
1.936447761
1.658428146
-0.530680216
-2.786652022
-1.806868701
-0.939539212
-1.620984842
-2.35058261
-2.280878107
-1.69832863
-1.822133182
-0.256280181
0.05277218
1.7471605
3.334082171
0.796010498
-2.183357435
-1.735798934
-1.399921189
-0.731206806
-0.072231463
1.598023954
1.271486347
0.538486879
-0.044974634
0.609687521
1.464911817
2.297512944
1.117870689
2.002812418
1.600802462
-1.233238597
-0.505849862
-0.218800011
0.926565098
3.012275389
2.942326632
0.779571335
0.405124236
2.795802531
2.301354734
0.380440674
0.080745308
0.7747355
0.534430574
0.382543984
2.476308609
1.77475558
0.551184231
-0.02331078
-0.504311604
-0.44724452
-0.054408174
-0.39500057
-2.344327485
-0.573756368
0.783195731
1.987306414
0.764825052
-2.071548081
-0.312496861
1.857817544
-0.026087808
-0.160666011
0.642932199
-1.57570858
-0.573184239
0.52917628
-0.368935497
-1.661867162
-1.534370304
-0.228081135
0.19438916
-0.585075579
-1.226056663
-1.090357663
-1.515771996
0.714913801
1.12083804
1.395496366
3.601553345
2.763031529
0.932346453
0.380036136
0.080741365
-0.48771233
-3.454792883
-2.131236843
-0.596324626
0.291067568
-0.134699818
0.427352639
1.318255455
0.125072409
1.341006247
0.024909542
-0.630816839
1.005982929
1.827735717
-0.006362801
1.54909962
2.267918249
0.068060648
-2.757905371
-2.983851983
0.376845257
0.170245586
-0.65625223
2.405104948
1.219285128
-2.284265856
-1.106954208
0.132758168
3.311772597
0.761398936
-0.878897233
0.752436748
1.215832492
0.994259947
0.989524229
0.371528344
1.411060697
2.752114424
2.193704583
2.239212843
1.722063606
0.701073478
1.243089876
1.830737537
0.812907415
-0.543162904
-0.000748389
0.152636448
-0.316623031
0.125454721
0.18391999
-1.007679688
1.07280359
2.226076774
-0.93035059
-1.141819651
-1.053777543
-1.117959097
0.771200835
2.383933842
1.62988641
0.245922935
2.000217452
3.400156733
0.731355719
-2.265510528
-1.179299773
-1.411691535
-1.760219821
-0.831185026
-0.74317778
0.092322607
0.341820947
-0.122395268
-0.210769998
0.977517227
3.486914573
2.763438007
-0.066210223
0.8642377
-0.535869303
1.984747424
3.176486058
0.234448461
-1.626942269
0.978415614
3.010818813
-0.226612403
-1.379562122
0.325230487
0.861808421
1.878930625
-0.052702591
-1.299685462
-0.948805197
-1.381672978
-0.524980512
0.64365595
0.826030086
0.131735899
-0.795807891
0.886216052
0.073581393
-1.628546743
0.322008224
0.03986354
0.226685431
1.730600199
1.244033317
1.653902146
2.425364167
-0.130191676
-0.77463077
-1.23162694
-1.602286252
0.202039792
-0.709568559
-0.356391116
-0.806542669
-1.070655434
0.870934864
0.163033642
-1.883666014
-1.178483168
0.423811195
1.801329466
2.568168538
0.727762222
1.130520178
0.53506547
-0.880858162
0.055011362
-1.748324279
-2.647902365
-2.21291666
-0.982630359
-2.003327261
-1.717858198
0.332581794
0.103632367
-0.032982549
0.250255772
-0.775067095
-0.523967334
0.186404051
0.200061506
0.593228029
0.74912958
1.669792933
1.740537458
-0.363784022
-0.672716929
-1.114246569
-0.920396768
-1.386877594
-0.214206225
0.955309818
1.962361691
3.239070135
1.321439264
-0.479547697
1.366424592
0.439292118
-1.642441516
-2.658891531
-0.771352242
0.248156837
-0.674131831
0.149202542
-0.203026331
-0.751122654
-1.906037924
-0.823584054
-1.01102882
-1.1756425
-0.484791247
-1.538888981
-1.865700596
-0.39646831
1.083901644
-0.510060773
-0.721294117
0.185297884
-0.791482911
-0.442604563
-3.327169454
-2.404840838
-0.321472854
-1.141660822
-0.674446181
1.454539377
0.017373269
-1.391619247
1.108921377
2.137620087
-0.92087538
-1.621210393
0.216645731
0.542847562
1.280351493
0.087909658
-1.359077628
-2.69101691
0.582989288
0.512938895
-1.124538458
1.950506764
0.758185023
-0.88510898
-0.776714734
0.333993758
0.80061413
0.72056088
0.128484131
0.109193551
-1.265796343
-0.885954781
0.545228472
-0.840635942
-1.035149955
0.846764923
0.959915881
0.595409133
0.781105449
-1.266164291
-0.977633966
0.441854447
1.553844361
0.28233079
-0.796977786
-2.255963482
-3.205663849
-2.10329464
-1.554830101
-0.643344838
-0.713476265
-1.372609846
2.388257562
1.766788098
-1.047576263
-1.57170582
-0.424221863
1.228051748
0.209997615
-0.699764652
-0.725680142
-0.243146574
-1.177297789
-1.821800283
-0.25585514
-0.17754992
-1.028725395
-0.313457674
0.498495029
-0.57879831
-0.403163712
-1.107532327
0.475642265
0.306948431
0.665942377
1.419276987
1.120188905
-1.107790717
-2.551934107
-1.184405851
-0.224879258
-0.604327409
1.149732406
1.322751679
-0.598068393
-0.976292682
0.088398433
-2.089783008
-1.062398753
0.685089881
-0.843664099
0.666224618
-0.413961554
-0.896423256
0.30660621
0.096337578
0.750414312
-1.307014851
-0.848264807
1.135071632
-0.942853871
-1.070420812
0.198818023
0.0640747
0.290482077
1.408799974
1.866286712
2.262384646
1.762742775
1.161025089
0.143691446
-0.761424195
-0.996735745
-0.175434695
-0.490778963
0.604293486
2.239399938
1.686988766
1.311142466
0.530006613
0.102003224
-0.148208365
-1.922358705
-0.303255541
0.511894419
0.159836923
1.518477851
-0.045397349
-0.744064241
0.904956007
0.816007236
1.55541838
1.17504517
1.078612449
-0.603285264
-0.58816025
0.853615236
-0.284230945
-0.887865886
1.186951043
0.167213866
0.207809434
1.858930001
2.527653207
0.84584794
-0.149144812
-0.157131468
-2.167061619
-0.097028643
1.110725611
1.25635872
0.19023749
-1.534690613
-1.304814906
-1.037766718
0.946957662
0.659661443
0.09801159
-1.048783501
-1.934768777
-0.041420386
0.491447298
0.385279809
0.046812524
-1.431953347
-1.733175391
-1.899415297
-0.849649803
0.158325602
-0.326688338
-0.028145543
2.971887432
2.467079365
1.54516507
1.687196918
0.727587753
-0.726087769
-0.316495036
-1.34961669
-2.116439422
-1.760572174
-0.164987401
-0.596536579
-2.265704777
-0.177937713
0.591793473
0.504039845
0.347564691
1.154864423
0.816549035
-1.029674336
-0.265620806
-1.621550992
-2.311260361
-1.46327975
-1.015104413
-1.103568926
-1.695312405
0.344392323
-0.690951801
-2.986832872
-0.286865512
2.564488737
1.091343499
0.937998406
1.215643659
2.137045294
2.244605419
1.622766568
0.981618381
1.705181338
-0.054470509
0.405753046
2.107255757
1.003183033
-0.256205461
-0.193235195
-1.131385412
0.828148189
-0.015324231
-0.973995719
-1.687786901
-0.467506327
0.556968151
-0.346753053
1.073645853
-0.955323863
-1.032553723
0.620511229
-0.162962025
-0.1751677
0.698489554
1.844530614
0.94059689
-1.263629305
-2.137615025
-0.829628159
-0.626353832
-0.712568043
-0.708066164
0.178383709
-0.370281354
0.012578768
1.13225014
-0.143002774
0.119539819
1.240339065
-0.081420512
-1.675613318
-0.218962139
-1.02231127
-3.126191091
-1.351418689
-0.403272191
-0.763793099
-0.826307179
-0.272912908
-0.533364471
-1.551375005
-0.238124945
0.679270401
0.951489856
2.148302731
1.620894984
0.925214284
1.248303473
0.216050663
-0.644114412
0.717376283
-1.348730157
-2.496360519
-0.392190803
-1.017698518
-0.351322755
1.545001506
2.470723084
3.441797372
1.577283809
0.539519099
2.864899475
1.447033071
0.679219108
0.290481107
-1.53808764
-1.072175578
0.862868547
1.482120243
0.968580236
0.238910836
-0.531042381
-0.28975905
-0.471693791
1.105785572
0.772981319
0.51009211
1.553733284
-0.908511764
-1.412549095
0.762371377
0.421787114
0.968364516
2.334016009
1.633184851
0.689647677
-0.469130916
-2.513305442
-2.269304772
-1.208795325
-1.762323392
-1.426808243
-0.337437866
0.044067094
1.377152885
2.082214427
