0.711951927
1.101218038
0.033194043
0.32404576
0.58539713
-2.457827544
-1.912856936
0.279586174
-0.011983566
-0.259443592
1.750404512
0.353076149
-1.427341143
0.513068831
0.624186718
0.793686444
0.551552675
2.802047562
1.065966857
0.568450004
0.106862258
-0.509812359
-0.646054313
-0.94218607
-2.535887011
1.260062408
1.806194237
-0.647730783
-0.427970961
-0.992601431
0.418384027
-0.64220982
-1.960671282
-0.895606458
0.768413932
0.593750436
0.010181986
0.600248992
0.527743866
0.82857896
2.3055622
-0.63707413
-0.653225409
-0.161075265
0.604843168
1.027703716
0.942101568
-0.149125084
0.398939423
0.969080024
0.433174104
0.21141373
0.624473409
0.281117029
-0.766083281
-0.363315376
2.24367677
1.859942744
-2.920978339
-0.06324921
0.090556748
-1.750131605
0.302865393
-0.006649161
-0.43843967
-1.568909458
-0.468130643
-1.76177019
-0.568379607
-0.070392308
0.899876323
1.958484061
1.908026488
0.258365234
-0.494443536
-0.213266572
-1.04978887
-0.982514824
-0.887526798
-1.448569335
-0.901115776
-1.283718208
-0.126263858
-0.003856692
1.369021701
0.572519983
-1.49713765
0.111648706
0.267706704
-0.761763709
-0.007153773
-0.375483882
-1.362447641
-0.346979133
0.444042722
-0.138184721
-1.588201718
-1.016183664
0.264408335
-1.525728256
-0.97359127
-1.680881839
-0.377986687
0.92453594
0.666810778
0.908877107
-0.077306376
-1.07980411
-1.712971173
0.387395775
-0.097733311
0.6617241
1.254186942
-0.230243801
-1.090351663
-1.559961054
-2.053381284
-2.179887707
-0.952073219
-0.228971433
-0.147555361
0.496702182
1.241860376
1.747781598
0.617031299
-0.687468684
-0.927574255
0.205168402
0.614807929
-0.331143532
-1.436442546
-0.037764794
-1.00138551
-0.632886088
1.733357223
1.056286693
-0.908780863
-0.41024069
-1.348862103
-1.550308126
-0.489091876
-1.528425423
-1.722723054
-0.869204019
-0.358391252
-0.684791521
-0.868708682
0.642117121
2.292274222
1.331355317
-0.187508348
1.059933401
0.255754044
0.220892435
0.19452071
0.102435709
-0.208167857
0.382454761
-0.031123161
-0.429002351
-0.453710652
-0.252677341
-0.783065074
0.108080307
-0.538326731
1.997595978
1.42461029
0.508110437
-1.010599294
-0.212489157
-1.09428807
-0.929653331
0.392926897
-0.441879701
-1.411609393
-2.042166276
-1.411553764
-0.835128294
-0.742315352
-0.101129389
1.538105271
1.522770988
1.384159746
-0.758754981
0.531967531
2.647348751
0.325329264
0.549211493
-0.601441183
0.49899324
0.271395923
0.216056928
-0.093721104
0.950741041
0.601125067
-0.177416709
-0.952407017
-0.796204306
0.628077785
-2.20038729
-0.468924677
-0.635305525
-1.330760102
-0.746895642
-0.583003917
0.060444097
0.237882275
0.326656006
0.782681999
1.656222411
-2.659763542
-2.286713187
-1.358584861
-0.043522235
-0.083700397
0.250454908
0.864350361
0.886294915
-0.064395486
0.924559221
-0.221154473
1.001184985
2.992826039
1.476599708
0.196573604
0.467951729
-0.539897871
1.054437997
1.357530729
-0.348736488
1.177464156
-0.911215615
-0.887602728
0.714209095
-1.941342543
-4.030428225
-0.046715587
-0.07872147
-0.570712009
1.541589086
1.475571736
0.355698159
0.816171164
0.356244243
-0.155323026
0.814256075
-0.372194437
-0.409962959
-0.358772204
0.249975364
-0.294171063
-1.113108645
0.399802741
-0.736139394
-0.760543523
-1.34076151
0.51652998
0.926670038
1.303037021
0.438597136
-2.495032388
-0.480937127
-0.807801462
-0.433886197
-0.598232323
-0.815131512
0.771803605
-0.924839485
-1.964968365
-1.129942853
0.17944176
1.221385519
0.976721625
-1.462526695
1.400360436
-2.341336739
-3.349035044
-1.809348092
-0.729195281
-0.635450737
0.051736217
0.686935379
-0.775132831
0.863917759
0.070144041
1.158552336
2.281048237
0.626843484
0.804783547
0.645593881
-0.255080224
-0.295024599
-0.855630874
0.498802433
-0.289600465
-2.002225576
-1.879630107
-0.067695634
-1.533192592
-1.200046021
-0.897026292
-0.467556755
0.642791956
-1.169124799
-0.083975671
0.977110217
1.089201348
0.398923988
0.776053374
1.300716283
0.381397015
0.638455698
-0.888282418
-0.170833248
0.045819678
1.426636321
3.024921388
-0.690340096
-0.944468814
2.918903196
2.108310208
0.751645807
0.323549317
0.365307381
1.317136227
1.20153938
1.374222126
-0.961733972
-1.85702892
-0.241512696
-0.101302104
-0.444275894
0.385100146
0.094881118
-0.919677042
0.183057849
0.314491738
0.982216179
-0.297376061
0.187261191
0.08081421
-1.277698906
0.089330305
-0.710045309
-1.435498367
-0.786457035
-0.302845807
0.942576715
-0.728500837
-1.516880757
-0.770051545
-0.619992963
-0.63781559
-0.31582536
-0.734995533
1.037400861
-0.624938434
-1.526791583
0.698049407
0.767477281
0.914994432
0.673585476
1.535305179
1.456683139
2.724736543
2.04442396
0.968890314
-0.317594265
0.59812422
-0.158199829
-0.416160523
0.134308252
-0.683215335
0.030506215
-1.072797022
-0.41181314
-0.693786146
-1.432021908
-0.339039771
-0.176983101
-1.600613972
-0.33297468
0.519790188
1.64737889
-1.713932123
-1.594746585
-1.029128259
-0.308964872
0.299093181
-0.873030263
-1.429814348
-1.184387357
1.857987815
-1.901954607
-1.496486863
-0.118830764
-0.179945761
0.731457424
0.159903977
0.17260244
-0.261089022
-0.011656393
0.799323449
0.162403141
-1.264125867
-1.661599887
0.087413355
-0.42807921
-0.612719671
1.124819692
0.311079607
0.124862934
-0.585584817
-0.18209197
0.181285983
0.325878486
0.860779001
-1.397406919
0.967877438
0.803412035
-0.561715406
-1.072090918
-2.465218828
-1.583039127
-0.550019676
-2.081590653
-0.70003465
1.564281928
0.347140995
0.125439686
2.080088659
0.896550784
0.184299787
-0.384642952
1.062443866
0.110758462
-0.661742252
-2.149737212
1.139946869
-0.375624766
0.21285585
-1.148601404
-0.742057611
-0.341080983
1.273715466
-0.847664509
-0.925880212
-1.779750493
-1.048993004
0.041937936
1.424886627
-0.528701977
0.953092968
0.232878207
-0.439769683
0.947776049
0.901562503
1.683808582
-0.893777795
-0.326259254
1.315715785
0.360663232
-0.191272747
-1.52008293
-0.237370149
0.048283462
-1.365774254
-0.004604975
1.351751711
0.989640763
-0.589674789
0.238939115
-1.002099311
-0.339546805
-0.195582578
-0.715342515
-0.701709047
0.968710379
0.779572387
-2.139616378
-1.45208251
0.109391886
-0.453408494
-0.166828749
-0.486094296
-2.06476504
-1.590378013
-0.853959343
-0.248617966
-0.759328221
-0.300142258
0.108243993
-0.70739741
-0.328590209
-0.255363844
1.315160526
0.260645641
-0.574887587
-0.659804719
-0.63928
-0.118410724
-1.62540422
-0.104354172
0.928203221
-0.269598726
-0.814660131
-1.230060301
0.445084766
0.018294296
-0.580690339
0.684802059
1.710958863
-0.868978256
-1.120578581
-1.129797802
-1.822285724
0.333864256
1.275349144
0.388025901
-0.818937286
-1.107098691
-0.877135513
-1.215734958
0.210280985
0.23859801
1.589603786
0.337507684
-1.313016946
0.404932376
0.548120487
0.512151807
0.55193692
-1.848322188
-1.909268001
-2.052803965
-0.27545972
-0.272731323
0.170087365
-1.525064329
0.126514586
0.78929113
0.00616247
0.193620481
-0.061718154
-0.637878691
-0.111200941
0.295036579
0.538741871
-0.856572454
1.614809518
1.893181415
0.614928553
-2.108445547
-0.750883639
1.709192707
0.547894002
-0.034977158
-0.274488883
0.465716016
1.126723591
0.868652531
0.276108391
-0.356381054
0.754087215
1.58866573
1.471539306
-1.466528392
-0.239899909
-1.240754846
-0.568892226
-2.331250363
-0.47079642
0.348296861
0.943739283
1.43986809
1.791079935
-1.459477465
-0.259757088
0.418282386
-1.627364459
0.359835481
0.640899237
-0.844679626
-0.384282963
0.344471816
0.004944797
1.054336853
1.159234608
0.932963373
1.79655459
0.660476189
-0.070484733
-0.068286566
0.380714231
0.866049173
0.027878102
-0.956936087
-0.376099506
-1.241268074
1.000238275
1.848151034
-0.789195144
-0.520181391
0.174982072
0.794299325
0.103663179
-0.094418077
1.003972757
0.33453267
-2.256645871
-1.672457036
-2.634295931
-2.476635889
-0.037690089
-0.911829584
0.560413338
1.788999336
0.17231402
-0.455736161
-0.101821407
-2.629284828
-2.195384345
0.079471585
0.846606982
-0.750732758
0.753805329
1.721159584
-0.240059645
0.728945859
0.11693562
-0.207721006
0.315799758
0.794276867
-0.276935845
1.194908184
-0.301667058
-0.990344031
0.27744866
0.143283132
-0.941584038
0.591531093
1.518098298
1.466561444
-0.290559827
0.001101581
-0.629302047
-0.748718436
0.197839562
0.2752252
0.33763609
-0.577826457
0.526694121
0.385040698
0.071833581
0.367031616
-1.738919122
-1.317056586
0.237867133
0.293352017
0.594196355
0.701576874
-0.200166596
0.184493429
1.654713706
1.19995641
-0.122892951
2.750622935
1.101325262
-0.51755605
-1.107131754
-0.445532652
-1.011547085
0.449058632
0.708200048
0.789679435
-0.842519661
-1.37716086
-0.170277593
-0.815571048
0.469483011
0.146159008
-1.752223479
-2.186105809
-2.281555421
-0.984943403
1.45852413
0.987085021
0.038168205
-0.631928349
-0.575968959
1.691597122
1.525969983
-1.320744593
0.060258691
-0.060910825
0.185554493
-0.513612624
-0.60863663
-1.72541763
0.568930126
0.785252164
1.328577069
1.656049973
0.352453345
0.865928367
0.445997568
-1.227036422
-0.073195385
0.642368568
0.834981062
0.148140859
0.814759413
-0.178945704
-0.800134825
0.549274998
1.26871932
-0.540975839
0.864504222
1.891330276
0.749892862
-0.731022423
1.087153656
1.018506324
0.727388283
2.760291881
1.153808982
1.005185541
-0.533116159
0.838539716
0.433032217
-0.483963265
-1.110228182
-1.874444512
-0.990107947
-0.140339972
0.495109637
-0.531341975
-0.076855222
0.838340438
-0.474759745
-1.421925117
-1.829376
-1.074057978
-0.599999022
-0.085146506
1.071236772
-0.581036095
-0.360035799
-0.818005243
-3.344280327
-1.614498077
-1.25294167
0.500820611
-0.016227935
0.84431888
1.032569771
0.650683891
-0.212697994
0.593986177
-0.593966007
0.348705585
1.356035911
1.321437984
0.500303052
0.575774823
0.126527873
0.646812584
-0.335689666
-0.177073919
-1.392600123
-0.215548504
-0.948678048
-0.658514361
-0.201609381
0.878568494
0.810626676
1.498317288
0.96610985
0.532138264
0.213017854
0.573090602
1.694368023
0.388314307
-0.817723791
-1.084156118
-2.596504365
-0.117763541
0.357171356
0.55489402
2.139718213
-1.637351389
-1.350355632
-0.793168523
-1.31280561
0.061825121
0.02862458
0.631250373
-0.127778499
0.219329819
-0.982418579
0.023955606
0.850322115
0.014312487
0.470392818
-0.477509047
-1.453282446
-0.016712721
-0.015198846
-1.300408278
-0.578956746
1.600944904
0.850411706
0.376294333
0.097224146
0.215496915
0.785276788
0.399944594
0.096442678
-0.664742976
-0.033153927
-0.029597504
1.905352186
0.715850713
0.132959412
-0.416164029
1.874684249
-0.367833863
0.206550311
-0.864608934
-1.245938993
0.013815087
-0.953674039
-2.20300899
-0.527409737
1.792123061
1.757347518
-0.555315826
1.03885355
1.531713588
1.201489386
1.433649931
0.721345835
1.084886511
-0.088055323
0.094384697
-0.248942586
1.817236095
1.074163867
1.217735241
1.193418766
1.717456296
-0.173501915
-0.30411723
-0.335142171
-0.661506934
-0.206849471
0.180310297
-1.636210746
-2.182801025
1.514742959
2.626641807
-0.119776481
-1.356800744
0.712099917
2.712992816
1.085278112
-0.823091135
-1.370575347
0.318173916
-0.238829012
-1.740963257
-1.777626175
0.741695533
1.725627917
0.492128442
1.604970879
0.822608806
0.519651642
0.877995853
3.062904808
1.253184345
1.307791958
-1.039864955
0.172104609
1.241325529
1.733682694
0.169477132
0.67867882
-0.876577112
-0.737189423
-1.200937633
-0.528372589
-0.35508264
-0.617047897
0.375175379
2.145646756
0.722499796
-0.573486835
1.89372654
2.728348533
0.873220204
-0.219229169
-1.8580863
-0.374958729
0.838567284
1.717997763
2.77316585
1.521821239
-0.196730703
0.125152294
-0.075871427
0.018212442
-1.022421847
-1.125248188
-0.135416614
0.096880123
-1.501125578
-2.98801574
-2.354703899
-0.408600146
0.932709676
-1.120020346
-0.125564754
-0.17387874
-0.766835689
-1.181343527
-0.443147773
1.520760985
-0.743430067
-2.322256751
0.52569277
0.339457401
1.159642057
0.23591916
-0.094541858
1.626149969
1.465675465
2.862984198
0.203431732
-1.706588115
-0.125962408
-1.196936811
-0.287212201
1.438264781
0.411946197
0.119916941
-0.52394166
-0.166493382
1.88709725
-1.672018724
0.707531215
0.8817717
-0.31090967
-0.92231
-0.94606883
-1.918742572
-1.724983041
-1.58747491
0.027393277
0.334881325
-2.750628215
0.619278135
1.826960618
-0.424151372
0.865075068
0.24703201
-1.207995359
-0.919334982
0.15256961
1.073171511
-0.186120444
0.009039519
-0.373943749
0.23746743
0.801073861
-1.283280362
-2.263040903
-1.12544661
-0.60581124
-0.681718152
-1.00904794
-1.232904609
-1.190708548
0.72223805
0.692242894
0.097474176
-3.209581761
-0.160688027
-1.648585233
-1.024737868
1.793651441
0.733512235
-0.030482711
0.098058672
0.695481814
-0.246238302
1.05414961
0.267486894
-0.084886096
-0.724831721
-1.667485571
-1.729558866
0.479610065
1.228621439
0.740989598
-0.931803014
0.613087653
1.039685834
-0.275919015
-0.188940748
-0.540008911
-0.596507914
-0.18358775
-1.040287985
-0.337867371
0.930209493
-0.290206287
0.629249672
-0.329152646
-1.081745221
-1.800002561
1.705175824
1.828298203
1.208622035
1.299958512
1.371980744
-0.562651704
0.221437801
1.352034305
0.939430069
1.267394976
0.628644496
-0.481493569
0.392729218
-0.117177894
-0.372232591
-0.45225798
0.322831899
0.197695245
0.798379481
0.325888258
-1.721120621
-0.36376162
2.751859729
0.975096624
0.041677761
-0.783557979
0.303627668
2.122443631
1.223119746
-0.322627091
1.892989395
1.849610982
-0.419556637
0.36097047
1.163196678
1.208992677
-1.016923334
-0.180574071
-0.08837928
-1.025174121
1.507825443
0.429435446
-0.060050682
-1.748810891
1.375642054
2.655841573
0.87166564
0.198006781
1.872061403
-0.955165471
-1.1480698
0.161216522
0.359503556
-0.202807071
-0.61636273
0.454557706
0.688385579
-0.582511463
0.262411418
-0.437009272
-2.891162119
-2.209343157
-1.247067925
0.256473394
-0.72499788
-0.21725823
-0.098949723
0.461591648
0.833976899
-1.269452118
-0.073375872
0.2139647
-1.043205324
-0.324718742
0.259425963
0.089119411
-0.426568823
0.361952502
-0.944119248
-0.152231959
0.434913535
0.443374916
-0.089723135
0.076154791
-0.786951489
1.13754175
2.487970156
-0.190485486
1.240188416
1.341951977
0.059679351
-1.33599205
-0.827430388
0.978042203
-0.76610819
-1.706034766
-1.927195161
-0.81005561
-1.000237304
-0.512247684
0.516429759
-0.566603602
-0.269446474
0.542827428
-0.638870727
-0.25724801
-0.19524343
0.751249282
0.020388996
0.822481205
0.255811697
-0.404534111
0.94906001
0.886128786
-0.505097948
-0.016768646
-0.643744414
0.758833944
1.610312208
0.634218666
-0.035432381
-0.035543362
-1.101316253
-0.12757132
-1.161240279
-1.132212356
0.001434166
2.684723739
2.572488706
0.930236439
-0.315336738
-1.039505972
-1.468577034
-1.270651218
-1.166908451
-1.93831126
-0.064043198
-0.895849305
-1.813780948
-2.3194044
-0.282303894
0.072249411
1.378522306
2.075345831
-0.074523372
0.63860637
-0.461841911
-1.853025745
-1.123239229
-0.061900808
-1.700036172
-0.211784225
-1.273713595
-1.365534918
-0.234583576
2.041003273
2.147594953
2.544220025
0.064970852
-2.407093381
-1.224302219
-1.013054103
1.26463278
0.742866824
1.085803703
-0.013732489
-1.512657706
-1.276760372
-0.959239941
0.385170294
2.245042318
-0.498331687
0.080704447
-0.507795918
-0.005092366
1.275924702
1.524800905
0.889684733
-0.918255086
-0.439882573
1.056541051
0.506440993
1.213943631
-1.437177093
-2.195232683
1.274422693
-0.542204908
-0.588355109
0.90064283
0.698636463
0.138698794
-2.369049289
0.792003464
3.457296761
-0.125503467
0.127121331
-1.099988817
-0.243133541
0.335246793
-0.590944788
-1.58205404
-0.376786786
1.152571817
0.763230748
0.861812101
-0.143381017
0.145289612
0.854767772
-0.417586222
-0.871828072
-0.949087799
-1.485219103
0.158063773
2.02506705
0.221061173
-1.039139838
-1.533592267
-0.322486369
-0.122437284
-0.351872505
0.127205188
0.673776863
0.37756856
0.185221347
1.340427934
-0.301178235
-0.2940515
0.1594251
-0.936518215
-0.366082309
-0.862141624
-0.9165719
0.617452145
0.994724814
0.458550147
-1.869452259
-0.248164912
-0.051860399
0.117752951
1.443227589
1.949643753
-0.113135674
0.301946545
1.135511368
-0.748746381
-1.03740064
-2.393084996
-0.695690559
0.486349269
-0.685154743
1.185789289
1.644925973
0.322147186
-0.155331279
0.050749855
-0.841588133
-0.371913295
-0.385835386
-1.772802474
-0.312949634
-1.203222046
-0.239384237
1.412222901
0.546998335
-0.052684825
0.813711435
0.64845461
0.155947376
0.883563678
0.865832733
1.141954173
-0.528452902
1.625356372
0.763199572
1.900653592
0.014565903
-1.340043698
0.069668654
0.564817099
0.39762357
-0.197079494
0.39259672
0.374211716
-1.098517153
-0.940675576
-0.04007956
0.626114175
-0.50482485
-1.965675961
-1.370641359
0.696686756
0.302717828
-0.53453804
-0.737027107
-0.51183701
2.627488809
2.999066525
1.675930881
0.818138343
-0.519695923
-0.497728178
1.237208159
-0.657480168
-0.95933786
0.402839667
0.925979562
-0.093045453
-1.168618385
-0.13908792
0.194938787
-1.155360417
-0.501172432
0.589419251
0.706448736
-0.588835678
-1.133393032
-1.243370689
0.201841306
2.322981781
-1.039650035
-0.986035536
0.607132178
2.23469786
-1.116183442
-1.637815933
0.21016045
-0.582566924
-0.697841569
0.040339691
0.532279765
1.013942987
0.309151985
-2.161158848
-0.476380397
-1.246181503
-0.533282765
-1.156589672
-0.515496769
-0.603025517
-0.699405667
0.474527904
-0.418348176
-1.393440449
-0.779637017
-0.849832071
-0.744876012
-0.070294561
-2.605846189
-1.309487028
0.597874158
0.686257615
-2.318388074
-1.209224124
-1.35299945
-0.831367891
-0.554777382
0.477156704
1.022135304
-1.303577706
-0.757832032
-1.979666915
0.189944298
2.870638099
1.148040458
0.643070557
0.40451179
-0.130378056
-0.403196533
-0.013220076
-0.578712045
-1.577754902
0.631760574
-0.295748921
-1.396644371
0.622963956
1.248410799
1.545561378
-0.714444744
-0.259080127
-1.341779928
-2.227914749
-1.030407497
0.202037828
-1.538972518
-0.107874096
0.23119939
0.832486589
1.183512588
0.559234228
0.64754396
-0.076783856
1.092560188
1.265408794
1.357612862
0.578318698
0.733693297
0.951921677
1.315023121
-0.545992241
-0.460277851
-0.463024982
-0.128428379
-1.040455208
0.499802353
2.12426834
-0.420118467
-0.390741239
0.637418187
0.990673202
0.288283266
-0.606679866
-1.933820324
-1.151839935
-0.124784164
1.448078968
0.153583394
0.276969517
-0.194187577
1.158333595
-1.46277378
-0.278628514
-0.47956467
0.51199866
1.59514644
2.380283726
-0.034344413
0.376173012
1.326702967
0.431457953
0.629550323
1.715144108
0.000677948
1.272196169
0.48744579
-0.00289391
-0.175694032
-1.015069515
-0.274689918
0.23708849
2.302186311
-0.43678627
-0.539037643
1.278882031
1.202194797
-0.589537294
-0.118949336
0.638147674
-1.032247163
0.635317893
0.399463336
-0.485176513
-0.628633256
0.125333068
-2.230785377
0.478932722
1.085133413
-1.190234976
-0.50507727
-0.26326766
0.274112348
1.863190422
0.460709304
0.77633699
0.516848852
-2.150603813
-1.656333981
-0.898575052
0.086041855
2.884801554
2.052417503
0.045003994
-0.843827147
-0.316411108
1.075754998
-0.774789291
-0.402404215
-0.733312276
-0.438755067
-2.866561949
0.544476558
-0.591209999
0.61144859
0.823584875
-0.002019785
-0.74334755
0.470426451
1.684513066
0.261307735
-0.740742113
-1.756395123
0.23560441
-1.31747659
-1.271799686
-0.009114474
1.762541749
-0.612297069
0.99028848
0.387018368
0.620839001
1.057892309
-0.386063041
-0.842729057
-0.41463245
0.627453093
1.92917508
2.700339545
0.254035926
-0.384848143
-1.73920474
0.229817311
2.080218529
0.492598559
0.832407127
1.090757684
-0.010678033
-1.666159984
-1.014074527
-0.303691872
-1.030870253
1.853758911
1.666516532
0.184701835
-0.109427359
0.348902197
-1.146425805
-1.745646845
-0.801204808
-1.097168156
-0.416383406
0.457934292
-0.075720808
-0.557600949
-0.634257009
1.397395873
-1.349455733
-0.981568719
2.265132323
-0.486090983
-0.523052762
-1.6778248
-2.260666618
-0.932204837
0.011906585
-0.224125037
0.075950935
0.420968418
0.617378068
2.24371439
0.994561779
-1.362237858
-1.445615096
0.219703999
0.793913369
-1.851490987
-0.483817755
0.193236544
-1.023773592
-0.983511136
-1.266052677
0.65488872
0.870029302
1.34169838
-0.074246624
-0.236580738
0.783418695
2.275436649
2.224978463
0.165618362
-0.78672632
-0.738610298
0.919583885
-0.301258901
0.122627643
0.6873545
-0.18419991
-0.229289896
0.357770573
-0.138243696
-1.449411187
-0.665725622
1.200177977
1.238378283
-0.751071933
-1.55621575
-0.279561746
0.740528732
-0.376011471
-0.872068952
-1.268092088
-0.235385025
0.265044804
-0.379473423
-0.767723328
-1.198580491
1.035088447
0.879190901
0.716211037
-0.098374354
0.404756019
-0.754590882
-0.112003258
-0.259752473
1.070315543
2.167066468
0.521973096
-0.377032674
-0.789188943
-2.070167821
-0.437034102
0.113902007
0.853482737
-0.029460868
0.667128571
-0.605639894
-0.829775993
1.328330787
1.397571543
0.199388686
1.715181522
1.086008427
1.54259306
0.541664593
-1.105134814
0.205853049
-0.554107919
-1.621262959
0.106975217
-0.495584825
-0.544040743
-0.111895341
1.187665326
-0.080793017
-0.030582299
1.237388392
1.450516595
1.026345583
-0.637387859
-0.22118939
1.782179401
1.708313114
1.994981463
-0.612760506
-0.65597325
-0.840943419
-0.382499398
-1.174885908
-1.144899549
-1.634534102
-0.976061292
0.112637951
0.997012682
0.143552067
-0.8500463
-0.725175427
0.90541637
-0.645111662
2.075573302
1.235659124
-1.60248549
0.008700708
0.062763225
1.589586548
0.659734823
-0.981381555
0.289750733
0.801400375
1.322742338
0.938241177
-0.453149782
-0.820851911
-1.747949632
-1.700641197
0.354680477
-0.431559031
0.171009146
-1.003597152
0.36357062
1.261351225
2.129474076
0.239399532
-0.14301045
0.745899875
1.001302659
0.361263052
1.450076962
-0.350399322
-1.362372397
-1.450188332
-1.399388419
0.433969845
0.450276514
-1.038962439
-0.253592975
2.041544926
-0.181592935
0.445913316
-1.245183156
-1.341626257
0.457695643
1.051262605
0.482058184
-0.033359353
-0.515224205
-0.670024609
0.898729545
1.964424933
0.242416457
2.251611738
0.776748533
0.116091765
0.706968667
0.07129606
-1.375419848
-0.10524098
-0.102802794
0.207132424
-0.681208006
-0.133070113
-0.641247685
-0.239864613
-0.597504125
-0.185745471
0.337729074
0.298806139
-0.463814233
-0.991464156
-0.749695521
-0.816813007
-0.365863426
0.935257991
0.930774039
0.706857521
0.209050871
-0.76308046
0.974923303
0.044550342
-0.996203489
-0.542315825
0.1931545
-0.482463537
0.334069408
-0.675219061
-1.620061336
-2.235309919
-3.196495034
-0.853916288
-1.202172478
-1.549864352
0.551743663
-0.078760219
-0.170602972
-0.02654926
0.449080828
-2.841162561
-2.187071573
-0.054211104
0.982052834
0.534609551
-1.301335933
-0.497360178
1.981639866
1.267688059
-1.669267883
-1.892709545
2.060756243
1.370307846
0.429912423
-1.58908562
0.101602461
0.609884419
-0.205926128
0.30102541
0.319338633
1.845071225
0.478951618
1.252293738
0.449312957
-0.832182142
-0.923947823
0.355012136
0.666108004
-0.34231152
0.73806624
0.012187384
-0.007987532
0.981882742
2.106778242
1.441336778
-0.250449526
-2.141183353
0.129867234
0.703831263
0.549725498
1.980014205
-0.297632502
0.571078789
-0.254725514
-0.612683405
-1.124998546
-0.99220869
-0.514446123
-0.168260733
0.51872872
0.77620892
1.060557911
0.493162136
-0.623276658
-1.667178873
-0.479640089
1.189794116
0.57813218
-1.34285672
0.177707923
0.586828919
-0.011816444
1.76700724
-0.677755357
0.522646226
0.024073723
1.308272614
0.335863767
0.939368051
1.328660062
-0.549761557
-0.998565221
0.401911033
0.39980821
-0.368403218
-0.160964805
1.396959089
2.814707903
1.098802575
-0.471041588
-0.498681812
-0.592972612
-0.97144948
0.820704832
-0.466821671
-0.505587221
2.367530393
0.423877729
0.334898691
1.123663174
0.140673676
-0.691525426
0.957884146
-0.238450367
-0.454083404
0.293725899
-0.105161555
-0.006578473
-0.103928293
0.244045804
0.989555577
0.098062905
0.114756218
-0.060865764
1.463848557
-0.085719421
1.334845538
-1.563832086
-0.228151893
1.239437417
0.462106775
2.047381756
-0.495804376
-1.565171791
-0.943309721
-0.628868821
-2.513698009
0.457742011
0.414511672
0.772228291
-1.949530197
-0.3720205
1.304294869
1.022991832
0.88965349
-0.577193551
0.023228636
-0.160255291
0.389993926
2.326085005
1.116614779
0.938956552
-0.946072123
-1.065406543
-1.283353071
-0.284124092
-1.469457684
1.661295459
2.40630493
0.946524744
-1.237233697
0.451644244
0.071772392
0.099117718
-0.646896124
0.902201936
1.385866904
-1.349623581
-1.772342479
-0.669739744
-1.405243495
0.10105649
-0.584271828
-0.427151132
-0.621331369
-1.382448719
0.108486035
1.128335474
0.263165161
-0.920139763
0.207625897
1.250225368
2.068397566
1.050403483
-1.061506252
-1.924040038
-0.294162892
1.858238364
0.238485318
-0.589083325
-2.120289274
-1.919311065
-1.425830258
-1.066088853
-3.088243804
-0.782322055
-0.826805438
-1.207226057
-0.58995096
-0.387636026
1.043944699
1.044196323
1.645801305
0.417141181
-0.115955417
-0.097261844
0.843976966
1.329619889
1.061178062
0.29454236
0.440613177
-0.155943461
0.27572822
-0.758108173
1.034872751
-0.007990129
-0.113191639
-1.907850172
-0.736399135
-1.786072416
-2.177923264
-1.245711854
1.043767768
-1.183454739
-0.386554721
-1.040271687
-0.849023532
-0.139459946
2.057062932
2.123414573
-1.089872992
-2.152456712
0.496366972
0.183824495
0.48025548
0.593841734
0.336285225
-0.708033753
0.29994889
0.122409727
0.76328193
-1.203154047
1.135350009
-0.682610557
-0.981403494
-0.84848154
